# 6MV photon spectrum (sampled)
# Energy(MeV)    RelativeWeight
0.25    0.198282
0.50    0.184212
0.75    0.126473
1.00    0.0922768
1.25    0.0711519
1.50    0.0563277
1.75    0.0455945
2.00    0.0373889
2.25    0.0311592
2.50    0.0263719
2.75    0.022168
3.00    0.0190649
3.25    0.016356
3.50    0.0141305
3.75    0.0122755
4.00    0.0103627
4.25    0.00908974
4.50    0.00771951
4.75    0.00651482
5.00    0.00520397
5.25    0.00411462
5.50    0.00277146
5.75    0.00093126
6.00    2.92175e-05
6.25    2.92175e-05
